ROUGE1: 0.3089138993381871
ROUGE2: 0.06957613212293816
ROUGEL: 0.2813751343330106
BERTScore: 0.8407322109585077
FKGL: 15.080985915492958
DCRS: 11.753802816901409
CLI: 17.258943661971827
LENS: 30.24145106148018
AlignScore: 0.9781640558175637
SummaC: 0.9402011343291108
