ROUGE1: 0.461164102179743
ROUGE2: 0.16057957580294918
ROUGEL: 0.4178593622680423
BERTScore: 0.8693121696861696
FKGL: 14.751408450704227
DCRS: 11.793098591549297
CLI: 16.704154929577463
LENS: 35.30267832931986
AlignScore: 0.9772088964220503
SummaC: 0.9488216630170043
