ROUGE1: 0.385039000758965
ROUGE2: 0.11507785396294368
ROUGEL: 0.34961724830052643
BERTScore: 0.8550221903223387
FKGL: 14.916197183098593
DCRS: 11.773450704225354
CLI: 16.981549295774645
LENS: 32.77206469540002
AlignScore: 0.977686476119807
SummaC: 0.9445113986730576
