ROUGE1: 0.35194966651419907
ROUGE2: 0.07484516647009286
ROUGEL: 0.32395962291791336
BERTScore: 0.828493575255076
FKGL: 15.308333333333332
DCRS: 10.618333333333334
CLI: 16.187083333333334
LENS: 59.7051124551227
AlignScore: 0.6490997783839703
SummaC: 0.5200653014083704
