ROUGE1: 0.4384269690268519
ROUGE2: 0.15129554115439517
ROUGEL: 0.40586138217870593
BERTScore: 0.8534935617446899
FKGL: 13.718
DCRS: 10.1466
CLI: 15.174599999999998
LENS: 60.27202732370523
AlignScore: 0.7503356927633286
SummaC: 0.6279243922233582
