ROUGE1: 0.3951883177705255
ROUGE2: 0.113070353812244
ROUGEL: 0.36491050254830965
BERTScore: 0.840993568499883
FKGL: 14.513166666666667
DCRS: 10.382466666666666
CLI: 15.680841666666666
LENS: 59.98856988941397
AlignScore: 0.6997177355736495
SummaC: 0.5739948468158642
