ROUGE1: 0.3913761879387738
ROUGE2: 0.07318679193215279
ROUGEL: 0.3638361947434276
BERTScore: 0.8290389453371366
FKGL: 16.458333333333332
DCRS: 10.794166666666667
CLI: 17.347916666666666
LENS: 50.83656631451995
AlignScore: 0.8485928798715273
SummaC: 0.6399401736756166
