ROUGE1: 0.4563241446230745
ROUGE2: 0.16200660864907457
ROUGEL: 0.4205837056478836
BERTScore: 0.8562920175600743
FKGL: 15.551449275362321
DCRS: 10.901449275362317
CLI: 16.704275362318842
LENS: 57.20847197975158
AlignScore: 0.8181183120046837
SummaC: 0.6715120997117914
