ROUGE1: 0.4238501662809242
ROUGE2: 0.11759670029061367
ROUGEL: 0.39220995019565563
BERTScore: 0.8426654814486054
FKGL: 16.004891304347826
DCRS: 10.847807971014493
CLI: 17.026096014492754
LENS: 54.02251914713577
AlignScore: 0.8333555959381055
SummaC: 0.6557261366937039
