ROUGE1: 0.36767078504764394
ROUGE2: 0.07775751179930965
ROUGEL: 0.33860339300850645
BERTScore: 0.8308823684933769
FKGL: 15.845643153526972
DCRS: 11.176182572614108
CLI: 17.12738589211618
LENS: 53.31051884333611
AlignScore: 0.8289315695584563
SummaC: 0.6359409374567483
