ROUGE1: 0.4585145989579301
ROUGE2: 0.1567383636706995
ROUGEL: 0.4182240773887399
BERTScore: 0.8570368931477153
FKGL: 15.472238372093022
DCRS: 11.107834302325582
CLI: 16.737296511627907
LENS: 58.78431951188854
AlignScore: 0.8135919511848844
SummaC: 0.6438957830717744
