ROUGE1: 0.41309269200278703
ROUGE2: 0.11724793773500457
ROUGEL: 0.3784137351986232
BERTScore: 0.8439596308205461
FKGL: 15.658940762809998
DCRS: 11.142008437469844
CLI: 16.932341201872042
LENS: 56.047419177612326
AlignScore: 0.8212617603716703
SummaC: 0.6399183602642613
