ROUGE1: 0.32312883506775875
ROUGE2: 0.065595999095099
ROUGEL: 0.3008124655909614
BERTScore: 0.8375861893097559
FKGL: 15.133333333333335
DCRS: 11.590416666666664
CLI: 16.845416666666665
LENS: 39.63814759728811
AlignScore: 0.9943027173479398
SummaC: 0.9525209615627924
