ROUGE1: 0.5125303136128874
ROUGE2: 0.21055582506879417
ROUGEL: 0.4767545280909615
BERTScore: 0.8725961204888164
FKGL: 14.94927536231884
DCRS: 10.976449275362318
CLI: 16.293840579710146
LENS: 38.619040578940265
AlignScore: 0.9880770807680876
SummaC: 0.9578714357770007
