ROUGE1: 0.4178295743403231
ROUGE2: 0.13807591208194658
ROUGEL: 0.3887834968409615
BERTScore: 0.8550911548992861
FKGL: 15.041304347826088
DCRS: 11.283432971014491
CLI: 16.569628623188407
LENS: 39.128594088114184
AlignScore: 0.9911898990580137
SummaC: 0.9551961986698966
