ROUGE1: 1.0
ROUGE2: 1.0
ROUGEL: 1.0
BERTScore: 0.9999999602635702
FKGL: 11.633333333333335
DCRS: 8.746666666666668
CLI: 12.283333333333333
LENS: 60.144782433533805
AlignScore: 0.63084676861763
SummaC: 0.4867895046869914
