ROUGE1: 1.0
ROUGE2: 1.0
ROUGEL: 1.0
BERTScore: 0.9999999602635702
FKGL: 13.333333333333334
DCRS: 10.76
CLI: 15.143333333333333
LENS: 59.75251364685147
AlignScore: 0.7719111839930216
SummaC: 0.5045676430066427
