ROUGE1: 1.0
ROUGE2: 1.0
ROUGEL: 1.0
BERTScore: 0.9999999602635702
FKGL: 12.483333333333334
DCRS: 9.753333333333334
CLI: 13.713333333333333
LENS: 59.94864804019264
AlignScore: 0.7013789763053258
SummaC: 0.495678573846817
